1	\N	1	\N	\N
2	133	2	6608063073075639	391 
3	301	3	6387393775313544	496 
4	302	2	9362079010383271	289 
5	303	3	7967762137975832	307 
6	304	2	6500802457685271	450 
7	305	3	4096367760532326	973 
8	306	3	7781479117659922	754 
9	307	3	6840175040255160	293 
10	308	2	7857964574618081	403 
11	309	3	4589093868375996	553 
12	310	2	8121866993435597	100 
13	311	2	4831126885933417	369 
14	312	2	9042152523118136	481 
15	313	3	8486172911931017	985 
16	314	2	7492356334973514	120 
17	315	3	7438535230339070	983 
18	316	2	6969542667313267	404 
19	317	2	4075866749060939	380 
20	318	3	7909305786721865	835 
21	319	3	5960095502814612	354 
22	320	3	6832787796358970	657 
23	321	2	4207526391339274	937 
24	322	2	6739579655475854	105 
25	323	2	6717835542415096	409 
26	324	3	8696261923906579	483 
27	325	2	7815069668048348	273 
28	326	3	4578667240421426	211 
29	327	2	7071667232611656	132 
30	328	3	6925342685535863	278 
31	329	2	6946142523315245	746 
32	330	2	8445341647072726	688 
33	331	3	9361555447852147	762 
34	332	2	9211871770575116	812 
35	333	2	4753999143466340	315 
36	334	3	6559509516790735	216 
37	335	3	4652464264715098	814 
38	336	3	9048597500198552	351 
39	337	3	8295076172394290	324 
40	338	2	8678207734406729	642 
41	339	3	5381164475382724	272 
42	340	3	7086969453719292	468 
43	341	2	6127282526989517	357 
44	342	3	7518114920933326	503 
45	343	2	9892573135225265	372 
46	344	3	8164764165361453	733 
47	345	2	5226812739387310	120 
48	346	2	7531497035644161	998 
49	347	3	7117034808651340	828 
50	348	3	6663995668173459	105 
51	349	3	4799857643281358	246 
52	350	2	4885189680588395	176 
53	351	2	6890170490287282	233 
54	352	2	8400341895283692	850 
55	353	3	6326719677994335	328 
56	354	2	9804860995640322	370 
57	355	3	8388529316418724	343 
58	356	2	5569066969071160	809 
59	357	2	6838517460415364	502 
60	358	2	7468061385345649	563 
61	359	3	8470524536992847	901 
62	360	3	9994437389348065	700 
63	361	2	8430094916053498	471 
64	362	2	9576274196796039	406 
65	363	3	5873555295407874	784 
66	364	3	6475199984159124	430 
67	365	2	6294485822501822	565 
68	366	2	5039938548768129	904 
69	367	2	7872866182274870	770 
70	368	3	5112107535509979	941 
71	369	3	4725006578062143	554 
72	370	2	4372915055653348	751 
73	371	2	4601065008636953	331 
74	372	2	8287035997977357	102 
75	373	3	5247939067380377	299 
76	374	2	4846351628137426	858 
77	375	2	8984013650121535	758 
78	376	3	4714958670014738	989 
79	377	2	4502940239093886	505 
80	378	3	6770546722984713	518 
81	379	2	5447612995966010	391 
82	380	3	8647734060096412	849 
83	381	3	8750988587371962	138 
84	382	2	5663456438470880	120 
85	383	2	9977282064873646	619 
86	384	3	9914315747637361	941 
87	385	3	9313525067576037	894 
88	386	3	4148796520809147	871 
89	387	2	4293292795713586	845 
90	388	2	9930526389124022	873 
91	389	3	7043774707259318	703 
92	390	2	8619467710753769	722 
93	391	3	5477650216929743	889 
94	392	3	6290048911372296	402 
95	393	3	7115470160120268	708 
96	394	3	8183438843763973	854 
97	395	2	7178556531340133	904 
98	396	3	9204622103800276	990 
99	397	3	7714798453292062	542 
100	398	2	4478952681878911	382 
101	399	3	7370917006939723	147 
102	400	2	9673470068204388	130 
103	401	2	6870879065735944	895 
104	402	2	7344141510312847	933 
105	403	2	6985134294322883	520 
106	404	3	4560555057733284	896 
107	405	2	6383786542446795	903 
108	406	2	4494400305697863	681 
109	407	2	7633337132835962	759 
110	408	2	7966948357393147	420 
111	409	3	5371044497564196	266 
112	410	3	4169539515454040	825 
113	411	2	4485733375439440	550 
114	412	2	6267317056773877	775 
115	413	2	9028740301950012	480 
116	414	2	7054576911089886	876 
117	415	3	7784439854669144	389 
118	416	2	4463380745440586	620 
119	417	3	4079659879345997	840 
120	418	3	5756044843575544	671 
121	419	2	8337532234598797	251 
122	420	2	8637604186721183	332 
123	421	2	5897288693342850	664 
124	422	2	5115358623569966	300 
125	423	3	9356311003776719	364 
126	424	2	5178948824979115	991 
127	425	3	5168908835074857	904 
128	426	2	9126542628355861	990 
129	427	3	4487981512850120	206 
130	428	3	8423532499585652	207 
131	429	2	9160754578140425	826 
132	430	2	5938055062645581	686 
133	431	3	5631369089696875	369 
134	432	2	7483834913955321	624 
135	433	2	5105739542920767	203 
136	434	3	5354928928553573	103 
137	435	3	9082154222999252	965 
138	436	2	4228971484084069	811 
139	437	2	5873518736268629	109 
140	438	3	5356116872823325	156 
141	439	2	7610582839526752	257 
142	440	2	7065238049259546	405 
143	441	2	5926177219620228	822 
144	442	3	7648956866694867	506 
145	443	3	4076594037212652	756 
146	444	2	9848890942229925	459 
147	445	2	7567652181770282	558 
148	446	2	6675207385794676	369 
149	447	3	7207744524178986	935 
150	448	3	6498382376130278	548 
151	449	2	8611048422249863	578 
152	450	2	5572270549924951	800 
153	451	2	4906935042174076	633 
154	452	3	5624027427751512	218 
155	453	3	8209831210541619	351 
156	454	2	5907041534784679	349 
157	455	3	7040654794312127	490 
158	456	3	5863866212685092	266 
159	457	2	7252957226537742	895 
160	458	2	6164606835054590	121 
161	459	2	8457052684293811	372 
162	460	2	8407031387993549	938 
163	461	3	9460587116197751	100 
164	462	3	6070216720454484	165 
165	463	3	6665991476680279	430 
166	464	2	8290481731210747	665 
167	465	2	8971480695960912	401 
168	466	2	9591624088250555	481 
169	467	2	5442109808929450	822 
170	468	2	8610624854377810	552 
171	469	2	5653731367862652	472 
172	470	2	4710814426267382	819 
173	471	2	9197075238433650	232 
174	472	2	7074172105666123	124 
175	473	2	7132898831235710	549 
176	474	2	8011464660828233	246 
177	475	2	8509027032462781	578 
178	476	2	8539325856911793	740 
179	477	2	6819201150294562	800 
180	478	3	7355222937630276	474 
181	479	3	6655162948612692	652 
182	480	2	6202363330741629	360 
183	481	3	8981905142679093	102 
184	482	2	7192020139628696	693 
185	483	2	9508454795597995	584 
186	484	3	5348176191712837	439 
187	485	3	9477543374514016	498 
188	486	2	6414356710896041	944 
189	487	3	5490585685778133	648 
190	488	2	6860495891339865	637 
191	489	3	9022462353006149	428 
192	490	3	9703231186652294	683 
193	491	2	7242175017084864	496 
194	492	2	5284942286249426	746 
195	493	3	7837375848929647	381 
196	494	2	5639942300183532	649 
197	495	2	4744690190547553	148 
198	496	3	9759933066146125	537 
199	497	3	5891946500061516	804 
200	498	2	5454192204332875	594 
201	499	2	6582880938791527	764 
202	500	3	9610229093173577	247 
203	501	3	9415078441285781	926 
204	502	3	4578443115283225	174 
205	503	2	5306125574726389	971 
206	504	3	8863154637070825	777 
207	505	3	5068923753956476	632 
208	506	3	9443712877796379	112 
209	507	3	9233058150832630	350 
210	508	2	9509043472742898	587 
211	509	3	8836306823264415	492 
212	510	2	9868978253683449	137 
213	511	3	9582558366571745	297 
214	512	3	5454647880862382	701 
215	513	2	8311125517584750	760 
216	514	3	7527834383764978	119 
217	515	2	7538511340854647	841 
218	516	2	9241547928085021	346 
219	517	2	4323003655342853	242 
220	518	3	5031206350727968	805 
221	519	3	5663300676619781	777 
222	520	2	9564048695861015	359 
223	521	3	7616743442203589	895 
224	522	2	8875894199140116	557 
225	523	2	5061282198896675	316 
226	524	3	7002218562775715	491 
227	525	2	8415061981918431	697 
228	526	2	4411547018271193	401 
229	527	3	5680544784562450	184 
230	528	3	8830457975573880	651 
231	529	3	9272780523147575	752 
232	530	2	6315807316424622	823 
233	531	2	4021406830872730	496 
234	532	2	5398868203081464	578 
235	533	3	6179458376984466	279 
236	534	3	8004152592920942	985 
237	535	2	8200937980167226	467 
238	536	2	9519347901598250	428 
239	537	3	8121037474849811	703 
240	538	3	9319311115709676	121 
241	539	2	7828411315385451	322 
242	540	3	7947440628075966	966 
243	541	3	6983582585181098	159 
244	542	2	4505767581027712	209 
245	543	2	5463514245322866	382 
246	544	2	9307920524920924	526 
247	545	2	7092067490378740	473 
248	546	2	7157973640753836	562 
249	547	3	7530777085846311	687 
250	548	2	9095804225783926	936 
251	549	2	9235084951325230	133 
252	550	3	5357199127410412	352 
253	551	3	8887425564571145	431 
254	552	2	5496218182251347	790 
255	553	3	9088844195295394	940 
256	554	3	6423999495201723	698 
257	555	2	5954747145977116	781 
258	556	2	4846835376689440	750 
259	557	3	9738335106966479	489 
260	558	2	9402733411158717	118 
261	559	2	4930130301718912	573 
262	560	2	8691990925330681	678 
263	561	2	7797315627079027	516 
264	562	3	8876567477187238	296 
265	563	3	8567872350043848	220 
266	564	2	6422605348897329	204 
267	565	2	7772764825562692	817 
268	566	2	4493788041160311	966 
269	567	3	4677247754210587	890 
270	568	2	7508706200914055	267 
271	569	2	8497629208945864	420 
272	570	3	8621905047146591	766 
273	571	2	6134171703605525	797 
274	572	3	7675399143003013	725 
275	573	3	8294212505209097	973 
276	574	2	7270033907230443	929 
277	575	2	4616750271854818	601 
278	576	2	4416096509997785	771 
279	577	2	6213577820742379	996 
280	578	2	9897499333699367	673 
281	579	3	9498642530081050	424 
282	580	2	8791285082051750	475 
283	581	2	5366395936106655	166 
284	582	2	5474788008189612	654 
285	583	3	4771225270231788	723 
286	584	3	7698258898809928	271 
287	585	2	8845332478862265	944 
288	586	2	5600495302160538	539 
289	587	3	4292897022822895	876 
290	588	2	8766275257783154	167 
291	589	3	4179250667230770	429 
292	590	3	4337349014153525	185 
293	591	3	6457634477264412	202 
294	592	2	9680803444156462	858 
295	593	3	4481793632469373	822 
296	594	2	5567863034908870	314 
297	595	3	7726468237418843	444 
298	596	2	8976703823124789	824 
299	597	3	4806255898633916	625 
300	598	2	4641670766518779	650 
301	599	3	7662156348388934	946 
302	600	2	4248219427303122	151 
303	601	2	4116329076661469	165 
304	602	3	8219662428257213	327 
305	603	2	5126375475218324	212 
306	604	2	7563859694889842	674 
307	605	2	9522284577052924	322 
308	606	2	9708371357637618	930 
309	607	3	4796799635203086	160 
310	608	3	4448392432868610	224 
311	609	3	7085746490320654	472 
312	610	3	5162212388507987	440 
313	611	3	8876672722447885	701 
314	612	2	8369986704660750	857 
315	613	2	8730977449221124	317 
316	614	3	9797518458867259	937 
317	615	2	7056274793043588	216 
318	616	3	5315985086831218	745 
319	617	3	5254552123292619	483 
320	618	2	4227619149257783	498 
321	619	2	7127420323034596	968 
322	620	3	7448095047876468	221 
323	621	2	9205281138613141	138 
324	622	3	8715013151862818	554 
325	623	3	4712311891554494	805 
326	624	3	7217503929295839	128 
327	625	3	4739136354447297	708 
328	626	2	9834936674735187	519 
329	627	2	7190820271451664	783 
330	628	3	7939152112722561	529 
331	629	3	4702830040750114	305 
332	630	3	9522516467718114	631 
333	631	3	8398204830251065	116 
334	632	3	6633222753706092	409 
335	633	2	8672238307227639	876 
336	634	3	7620857520486184	572 
337	635	2	5516151492149128	957 
338	636	3	6044850615366765	370 
339	637	3	5152106451587044	110 
340	638	3	6767048546733631	539 
341	639	2	4467890719430770	572 
342	640	3	6444335271542049	938 
343	641	3	7816643223666316	142 
344	642	2	6328262291231138	754 
345	643	3	5896424351782494	191 
346	644	2	6811680357725183	891 
347	645	2	6928553721481983	424 
348	646	3	4370502837992091	303 
349	647	2	7092684195785810	873 
350	648	3	9732368048526325	419 
351	649	2	5270418925158516	829 
352	650	2	5757615806049472	170 
353	651	3	7446251858045835	107 
354	652	3	6582817321730645	911 
355	653	2	8650858352199616	147 
356	654	2	9342510509018818	187 
357	655	2	8969923007358960	239 
358	656	2	5007918165972768	466 
359	657	3	5273256006624052	480 
360	658	3	4807793842577164	702 
361	659	3	8873815077643140	746 
362	660	3	5505305790945290	843 
363	661	3	4102279547996063	764 
364	662	2	4580992747840355	904 
365	663	2	4877442143554877	989 
366	664	3	8286772320812626	321 
367	665	3	9095003147453379	411 
368	666	3	9303117970581645	467 
369	667	2	7924081880141123	653 
370	668	3	9987450735143197	607 
371	669	3	5189908929779255	618 
372	670	2	9876291688043453	216 
373	671	3	4846375203464947	838 
374	672	3	7917758778131781	608 
375	673	3	9406064630306288	979 
376	674	3	4348430121709589	660 
377	675	2	4470775532584664	992 
378	676	3	5558584871411184	517 
379	677	3	9680854827019244	227 
380	678	2	7041821288142720	914 
381	679	2	6858981540186525	883 
382	680	3	6915278354628765	331 
383	681	3	4191923935761582	390 
384	682	3	7119711534167660	914 
385	683	2	9964806416410492	213 
386	684	3	9718446114818965	132 
387	685	3	4213992662227784	307 
388	686	3	9388430803213983	369 
389	687	2	6326314191695738	644 
390	688	3	5032030575433196	474 
391	689	2	8592530072993660	115 
392	690	2	6918434973915648	678 
393	691	2	5630941544306396	905 
394	692	2	5518832029949610	934 
395	693	2	5279271485516649	434 
396	694	3	5254556989718246	306 
397	695	3	5994802108850034	768 
398	696	3	5914150165911084	762 
399	697	2	7778675399940718	584 
400	698	2	9898086764061713	473 
401	699	3	7935064903734388	686 
402	700	3	5275310979232080	778 
403	701	2	4486784267005826	582 
404	702	2	9962853828394951	365 
405	703	3	9881179071584856	370 
406	704	3	6796980480743512	861 
407	705	2	7258659803482121	413 
408	706	3	5027284271619493	804 
409	707	3	4496863223980738	168 
410	708	3	4393732450108543	789 
411	709	3	9978676065667721	554 
412	710	2	7804644582661160	480 
413	711	2	5415010969201855	647 
414	712	2	6932953949809590	180 
415	713	2	5104612210980890	714 
416	714	2	7459733567331651	530 
417	715	2	4534430041919598	651 
418	716	2	8283134834141036	980 
419	717	3	8205271271924396	611 
420	718	3	7104017516377518	264 
421	719	3	5915432905858126	309 
422	720	2	5779609830305373	100 
423	721	2	8154555472707436	693 
424	722	2	4033959390525933	903 
425	723	2	5410936739872378	891 
426	724	3	6218688957746360	642 
427	725	2	6939486157459597	304 
428	726	3	8187931704164514	194 
429	727	2	9457387197654267	173 
430	728	3	9634814382482447	678 
431	729	2	7311550500314523	263 
432	730	3	6455063678684392	527 
433	731	2	5442322745255588	588 
434	732	2	8101868237534780	692 
435	733	2	5504497941564810	485 
436	734	2	4134707299309039	162 
437	735	3	7343414293651373	252 
438	736	2	7572880941506714	387 
439	737	3	7678240004875293	336 
440	738	2	4950767006260792	243 
441	739	3	6639464484293092	671 
442	740	3	6673414182467116	606 
443	741	2	8331966203859252	588 
444	742	3	9378715248291028	262 
445	743	3	6310393713197289	309 
446	744	3	9978318802974935	922 
447	745	3	5662133964029610	994 
448	746	2	8117219339186583	260 
449	747	2	7806098947702887	142 
450	748	2	8123247635616356	905 
451	749	2	7174258896080913	213 
452	750	2	5187041895876319	360 
453	751	3	5051278455675545	572 
454	752	3	4831075273710829	255 
455	753	2	8820679451855453	130 
456	754	3	7054245808600462	490 
457	755	2	7092334372312252	363 
458	756	2	8947156078061637	960 
459	757	2	5724019663652666	129 
460	758	3	7481213544860349	215 
461	759	2	4418643133315295	708 
462	760	2	5140219516131397	534 
463	761	3	9361425441117073	624 
464	762	3	5469532068478029	914 
465	763	3	9254625872237158	755 
466	764	3	5345135427316692	377 
467	765	2	7798084355989137	349 
468	766	3	6584192724039970	120 
469	767	2	9017285859417854	300 
470	768	3	5454932914625535	745 
471	769	2	7921304757608214	870 
472	770	2	8934043253468896	761 
473	771	2	7669610034146477	627 
474	772	2	5800418183580630	197 
475	773	2	4376277723239211	267 
476	774	3	6114929120879054	201 
477	775	3	9436046254983977	379 
478	776	3	6079604928718360	548 
479	777	2	9558351258796783	717 
480	778	3	8040704056903379	137 
481	779	3	8837373281420367	191 
482	780	2	7579611501751261	237 
483	781	2	7648177008173469	715 
484	782	3	8539252612753052	740 
485	783	2	8813428753395817	123 
486	784	3	4327546971113126	259 
487	785	3	9787732334168782	343 
488	786	3	4271838192688491	334 
489	787	3	4792700359371058	217 
490	788	2	9509577167249938	714 
491	789	3	5288380957701281	617 
492	790	3	5853666014854940	729 
493	791	3	9150190194798523	426 
494	792	2	7961087362615478	987 
495	793	3	8149926259341790	817 
496	794	3	5596244177543873	418 
497	795	3	4819799283528251	497 
498	796	2	4498040069573752	355 
499	797	3	8317954129959598	452 
500	798	2	7418461149705057	278 
501	799	3	5194649753229357	529 
502	800	2	4794458025705876	959 
503	801	3	8108352543134884	289 
504	802	2	5771724786843888	917 
505	803	3	8977653415771813	529 
506	804	2	8661342186921878	357 
507	805	2	6777830039183929	304 
508	806	3	5985668318603517	965 
509	807	2	6155375035441846	781 
510	808	2	8785118237916921	320 
511	809	3	6493366973449552	951 
512	810	3	7270864906049119	259 
513	811	3	4388949118297594	574 
514	812	3	4594438228764772	549 
515	813	2	4000387047040475	605 
516	814	2	4139111260283843	889 
517	815	3	7179675191962442	316 
518	816	3	4874461473476210	390 
519	817	3	7467181859288030	647 
520	818	3	8252964004474777	775 
521	819	3	4122122096682674	982 
522	820	3	8241820660734412	935 
523	821	2	6418612303203997	906 
524	822	3	9667824958938684	906 
525	823	2	6869863211764294	890 
526	824	3	4469096384946946	451 
527	825	2	6917179430145240	996 
528	826	3	9436868199897557	335 
529	827	2	5435642957768680	436 
530	828	2	8886131097455784	407 
531	829	2	4281191027046533	719 
532	830	2	7453666838558345	996 
533	831	3	6202321712755449	431 
534	832	2	6937094987660245	448 
535	833	3	5022253611723613	351 
536	834	3	4513552198642088	358 
537	835	2	6773433843137960	758 
538	836	2	6197025265032223	991 
539	837	3	4748926374337279	672 
540	838	2	9369659233111941	936 
541	839	3	9583500852339210	665 
542	840	2	6093078826093890	550 
543	841	2	9673469150698761	795 
544	842	3	5698355532738840	831 
545	843	2	8500859486559419	451 
546	844	2	9924523508929948	626 
547	845	2	9561032440131925	132 
548	846	3	7667714543527924	653 
549	847	3	9973993885640734	185 
550	848	3	8324920726751021	850 
551	849	3	7958541600318729	420 
552	850	3	4467434377541918	499 
553	851	2	4416821439849887	770 
554	852	3	6806161015652217	368 
555	853	3	5570727774328974	396 
556	854	3	4672623204649029	158 
557	855	3	5702031462273977	825 
558	856	3	9671991011549297	334 
559	857	2	6530616021604635	193 
560	858	2	9190114784238041	870 
561	859	3	5555951815818447	451 
562	860	2	8705426628624939	713 
563	861	3	9802759973728884	509 
564	862	3	9309550223441644	862 
565	863	2	7209187958022352	764 
566	864	2	4974822168564915	735 
567	865	2	9708749367251118	732 
568	866	3	4454507971863958	586 
569	867	2	5397045381175474	886 
570	868	3	5569883063867847	297 
571	869	2	6428913624111740	957 
572	870	3	5221848838136157	833 
573	871	2	4937092976456144	323 
574	872	2	9171750038837462	113 
575	873	3	5919462477587754	162 
576	874	3	4939584016509937	750 
577	875	2	7635799234475070	942 
578	876	2	4316407692564271	597 
579	877	3	8969983106119498	360 
580	878	2	4622736139850115	649 
581	879	2	5300990874122994	716 
582	880	3	5957874665201220	290 
583	881	2	8223718881946367	988 
584	882	2	8847323749626769	747 
585	883	3	7196127468841530	274 
586	884	2	4246576849673480	367 
587	885	2	8409677963258677	948 
588	886	3	4103001410608490	767 
589	887	3	4213605279557577	756 
590	888	2	9983478403886683	478 
591	889	3	7847917253514332	382 
592	890	2	8051707536148859	766 
593	891	2	5445854476124136	835 
594	892	2	6945326988511146	327 
595	893	3	8777626475628865	117 
596	894	3	5608942750836279	539 
597	895	2	4467240949367094	938 
598	896	2	9904103354507974	556 
599	897	2	4441404659462756	394 
600	898	3	9650369514652087	779 
601	899	3	5289961900807352	295 
602	900	3	4752406618881749	964 
603	901	3	9352596959087178	294 
604	902	2	5519885219479926	736 
605	903	3	5902301491797495	192 
606	904	2	5389811734508496	113 
607	905	2	6388299662789676	419 
608	906	3	7823591868908743	843 
609	907	3	4293292706477031	959 
610	908	3	9424874098164854	380 
611	909	3	4028137246739930	796 
612	910	2	4432202132913320	561 
613	911	2	4425453768117069	528 
614	912	3	5265716507147920	263 
615	913	2	4377115133529036	694 
616	914	3	6167366984321316	809 
617	915	2	5263701729082353	138 
618	916	3	7135000649726098	539 
619	917	3	8283243316512347	260 
620	918	2	9063290151369710	932 
621	919	2	5616436534444435	130 
622	920	2	4458147882678960	403 
623	921	2	7420920004532367	448 
624	922	2	9095643728865842	965 
625	923	3	8575986291862514	394 
626	924	3	8360242025972382	341 
627	925	3	7855713930394538	794 
628	926	3	5587760047784055	670 
629	927	3	5361021588210276	682 
630	928	2	5902675773440684	591 
631	929	3	5558148332690429	396 
632	930	2	8249125631583360	275 
633	931	3	6501140097017787	579 
634	932	2	5425308584197135	367 
635	933	2	6249618022988321	154 
636	934	3	8282437388114079	787 
637	935	3	4032942788853883	730 
638	936	3	6454757458016733	292 
639	937	2	8209534946878924	776 
640	938	2	9975886407304359	901 
641	939	2	8728891963259961	364 
642	940	2	5232224888331158	705 
643	941	2	4140945676872551	790 
644	942	2	5516730128088919	773 
645	943	2	4457331885935142	762 
646	944	2	5991763940361210	799 
647	945	2	5554288148760953	359 
648	946	3	8911861153298886	251 
649	947	2	6214550718987185	733 
650	948	2	5435711896682562	992 
651	949	3	9618944155852660	815 
652	950	2	7394580010997942	331 
653	951	3	7784504117158874	403 
654	952	2	5664655151045233	607 
655	953	2	8022884622988495	593 
656	954	2	4687935439128576	976 
657	955	3	4533477093751851	934 
658	956	2	7766890542061172	313 
659	957	3	7769150456704140	240 
660	958	2	4641384019031991	665 
661	959	2	9621370915557876	123 
662	960	3	5683943700065423	769 
663	961	2	6681553075564013	748 
664	962	2	6170548806479676	828 
665	963	2	4244249200036814	606 
666	964	2	9112518539732710	321 
667	965	3	6144815134914372	592 
668	966	2	6352724872502158	691 
669	967	2	4070367375305312	853 
670	968	2	7224695734322485	579 
671	969	3	4858017966476941	895 
672	970	3	9087207536094336	133 
673	971	3	5942847459373751	309 
674	972	3	8944714238905981	668 
675	973	3	9338796631403680	201 
676	974	3	6291196797040634	285 
677	975	2	4371229220989492	595 
678	976	3	5217035393788855	521 
679	977	3	4204578956333424	750 
680	978	3	9970280783393828	998 
681	979	2	7562258770687922	610 
682	980	3	6994127205407875	398 
683	981	2	6077588702583220	753 
684	982	3	7807136788388579	278 
685	983	3	4037867278061669	579 
686	984	3	4289902313630417	914 
687	985	3	7017383355592222	431 
688	986	3	4216733039192656	508 
689	987	2	5920799452826430	124 
690	988	2	6485676436483021	796 
691	989	2	5052774976020277	123 
692	990	3	5057063572120063	995 
693	991	2	7234073931910217	147 
694	992	2	4852195457364338	778 
695	993	3	6270073800041598	837 
696	994	2	5763944457646033	279 
697	995	3	8498110560933841	813 
698	996	3	7849974952453081	345 
699	997	2	9756479469051196	863 
700	998	2	7340705142234847	309 
701	999	2	7323351026364693	664 
702	1000	3	9645621025616031	575 
703	1001	2	9161421670146675	779 
704	1002	2	7876517927275833	971 
705	1003	3	6622226959101836	772 
706	1004	3	8038936558044580	469 
707	1005	3	8105655645629913	878 
708	1006	3	7911342275009561	353 
709	1007	3	6614305874017061	716 
710	1008	2	5884731171852578	481 
711	1009	3	5993013483274170	504 
712	1010	3	9993271103342984	458 
713	1011	3	6988073602809176	658 
714	1012	3	8537463303282937	146 
715	1013	3	4270510606305880	478 
716	1014	3	5570862923946961	933 
717	1015	2	8195909569049886	141 
718	1016	3	5383260540003728	861 
719	1017	3	7336488133280559	791 
720	1018	3	5377924245339960	405 
721	1019	2	7546888274046149	978 
722	1020	3	7084496826097783	154 
723	1021	3	7182731472913885	209 
724	1022	3	9609224177108485	724 
725	1023	3	9451078771925549	540 
726	1024	2	7474006566918354	281 
727	1025	3	8081582791439440	789 
728	1026	3	8542577072478991	561 
729	1027	2	6019512545618041	205 
730	1028	2	6540194490530670	431 
731	1029	3	4829196050947197	112 
732	1030	2	9340289926595441	907 
733	1031	2	8616228130469717	643 
734	1032	2	5106710214829793	302 
735	1033	3	4077302146966814	578 
736	1034	3	5585831830220850	798 
737	1035	2	9564214660022848	118 
738	1036	3	4422495393835331	865 
739	1037	3	9696386768882928	584 
740	1038	3	9935019668442631	346 
741	1039	2	5511594299827062	931 
742	1040	2	6587896103083654	274 
743	1041	3	6736841068886760	630 
744	1042	2	6104093786123375	933 
745	1043	3	4568096110899828	831 
746	1044	2	7091956025354080	222 
747	1045	2	7597482631414851	239 
748	1046	3	6798268944872826	759 
749	1047	2	9869612358033578	969 
750	1048	3	5647365294354810	201 
751	1049	2	5746671406460840	737 
752	1050	3	5876588621154084	371 
753	1051	2	4488377098909324	304 
754	1052	3	6767363626707272	224 
755	1053	2	5163532985852926	698 
756	1054	3	9789364490307294	941 
757	1055	3	4651362361579639	279 
758	1056	3	7789057288690866	478 
759	1057	2	7615333873570325	120 
760	1058	2	4188823740648756	272 
761	1059	2	5702779398804854	259 
762	1060	3	6986639881694971	772 
763	1061	3	9549700276629569	903 
764	1062	2	7384704512304441	319 
765	1063	3	6683926109833291	773 
766	1064	3	5843815219194147	236 
767	1065	3	4577295239157598	276 
768	1066	3	9678463501564498	912 
769	1067	3	9181403055473037	278 
770	1068	2	4086242452475658	417 
771	1069	3	4622807163335424	479 
772	1070	3	9078655376714992	477 
773	1071	3	4460239526932352	211 
774	1072	3	7818361199168442	857 
775	1073	2	5915241251117353	955 
776	1074	2	5301125230276713	377 
777	1075	2	5526794048526825	758 
778	1076	2	9622237520594652	589 
779	1077	3	9155947836058312	700 
780	1078	3	5351117650078260	283 
781	1079	2	6463393891885272	134 
782	1080	2	7203674874284877	175 
783	1081	2	6867584444769010	490 
784	1082	2	8084979302724470	624 
785	1083	2	4730481400096543	794 
786	1084	2	6256125805623896	894 
787	1085	2	5026520332471979	772 
788	1086	3	7631688339964291	548 
789	1087	2	6777704872627024	201 
790	1088	3	7498745457174644	868 
791	1089	2	6906664575030196	427 
792	1090	3	8248432612062241	164 
793	1091	2	9411911633513780	797 
794	1092	3	5813732756271426	903 
795	1093	2	7702926981189485	991 
796	1094	2	5587394770174659	364 
797	1095	2	4656198253870952	428 
798	1096	3	8936424859336534	667 
799	1097	2	8975610904540434	330 
800	1098	3	4423053903860412	153 
801	1099	3	8946157913573253	620 
802	1100	2	5150455178056135	640 
803	1101	2	8266890386633545	802 
804	1102	2	6078101516917325	389 
805	1103	3	6961710668004333	211 
806	1104	3	6123784141061311	319 
807	1105	3	4185342608743184	854 
808	1106	2	5378998389277847	456 
809	1107	3	6934648663162450	811 
810	1108	3	6443481268286943	198 
811	1109	2	7214038845326889	885 
812	1110	2	6213707204777297	382 
813	1111	2	9048251725512437	469 
814	1112	2	7661155588053774	432 
815	1113	2	7435778802573190	206 
816	1114	2	8797383035406916	969 
817	1115	3	6739862179635463	325 
818	1116	2	8265869982286886	411 
819	1117	2	9429778733992747	123 
820	1118	3	9040490001135034	815 
821	1119	2	5609337454312229	122 
822	1120	3	5645365657152478	879 
823	1121	3	5651579055450036	825 
824	1122	3	8847709821668143	545 
825	1123	2	4576468469426870	106 
826	1124	2	5998246050964919	685 
827	1125	3	6458529175856084	756 
828	1126	3	8885008700243155	592 
829	1127	2	8700327783067371	717 
830	1128	3	4122769087587382	370 
831	1129	3	7297324160734075	178 
832	1130	3	8757739362933323	816 
833	1131	3	7994043343078740	105 
834	1132	3	5887111611175558	218 
835	1133	3	8869893708531572	724 
836	1134	3	8856776505507778	851 
837	1135	2	5591173202249143	927 
838	1136	3	4920691745120470	858 
839	1137	3	7573281163722540	399 
840	1138	2	6813478244684624	986 
841	1139	2	7487487786471217	547 
842	1140	2	9537294684429476	458 
843	1141	3	7533772497018750	941 
844	1142	2	6143030196932047	124 
845	1143	2	9722716361106575	930 
846	1144	3	4041586104701356	961 
847	1145	3	6463494434903334	777 
848	1146	3	6547219514484687	329 
849	1147	2	5706994129575870	757 
850	1148	2	7099417243322180	684 
851	1149	3	8991741725802693	151 
852	1150	2	7454422699421763	493 
853	1151	2	6554611789053451	833 
854	1152	2	7822633559713724	156 
855	1153	2	7684668736187897	280 
856	1154	3	9179663302017426	925 
857	1155	3	8812721215486930	984 
858	1156	2	9758530962464075	160 
859	1157	2	7784976354156488	420 
860	1158	3	7296104459157413	151 
861	1159	2	7353480886071421	229 
862	1160	2	9247459652945377	197 
863	1161	2	4908669259991026	939 
864	1162	2	8175650204560829	622 
865	1163	2	5953449505178529	671 
866	1164	2	8345552942120739	582 
867	1165	3	4835249613935342	522 
868	1166	2	6495327449744160	469 
869	1167	2	5438200755341892	383 
870	1168	3	9952610676872042	710 
871	1169	2	4049620415701739	965 
872	1170	2	4190286451182763	462 
873	1171	3	5638846614751910	130 
874	1172	3	6447703203477071	299 
875	1173	3	5559168960784437	984 
876	1174	3	6401519293760742	884 
877	1175	3	9547266254748681	281 
878	1176	3	6082729166521458	668 
879	1177	2	8364338779419759	814 
880	1178	3	5199967555463473	474 
881	1179	3	7646896446498390	737 
882	1180	3	4228229377218618	930 
883	1181	3	7720675742758994	480 
884	1182	2	8426150692619282	534 
885	1183	2	9200553290781196	780 
886	1184	2	9634250086370525	283 
887	1185	2	5313128538779257	314 
888	1186	2	4097701110211562	773 
889	1187	3	6408744756972616	529 
890	1188	2	6753584651237717	423 
891	1189	2	7905371843677425	620 
892	1190	3	8081252174793539	701 
893	1191	3	7600647158600322	213 
894	1192	3	5640499423219019	982 
895	1193	3	5545629888688354	831 
896	1194	2	4936709802698684	577 
897	1195	3	9863340273999185	982 
898	1196	3	6482229287874083	901 
899	1197	2	9919901812852873	713 
900	1198	3	8420706224578291	316 
901	1199	2	5620761149747569	601 
902	1200	3	5711357628607839	354 
903	1201	3	6929246587901231	834 
904	1202	3	6589675688751219	152 
905	1203	2	6311388168620148	709 
906	1204	3	7177585038999758	370 
907	1205	2	8103951748119530	177 
908	1206	2	7349115525403125	599 
909	1207	3	9498292150923876	356 
910	1208	2	6594892109320782	726 
911	1209	2	6438043662337241	154 
912	1210	2	6352840503549974	648 
913	1211	3	5766894224095786	525 
914	1212	3	5661885738918670	576 
915	1213	3	8475982720793550	561 
916	1214	2	7144632916414257	860 
917	1215	3	7864924638409896	462 
918	1216	2	6605594626892850	500 
919	1217	3	5981806176278677	162 
920	1218	3	8866367803634642	685 
921	1219	3	7024667127094012	449 
922	1220	3	7777479343706670	816 
923	1221	2	6497527752604415	135 
924	1222	2	4941925164070377	785 
925	1223	2	6325345332992454	780 
926	1224	2	4365285799593078	540 
927	1225	2	9144533961427321	129 
928	1226	3	9181317573575445	861 
929	1227	2	8774438927862748	407 
930	1228	3	9426349194679183	786 
931	1229	3	4458294661670022	235 
932	1230	2	4883812611068589	411 
933	1231	3	7274416749031085	170 
934	1232	2	6146658014678125	480 
935	1233	2	6178981561540171	293 
936	1234	2	6350067002513328	286 
937	1235	2	4880558276780497	804 
938	1236	3	9746160088059653	208 
939	1237	2	8419202356510998	612 
940	1238	2	4806626087818286	281 
941	1239	3	5717572700476219	928 
942	1240	2	8277509758963183	356 
943	1241	3	5105138197203867	311 
944	1242	2	4702974408357811	885 
945	1243	3	4171180632171474	515 
946	1244	2	5831899291932518	804 
947	1245	3	5137895675122989	363 
948	1246	3	9606466632975739	316 
949	1247	3	5708571494006396	283 
950	1248	2	8360235380385861	328 
951	1249	2	7859427090665411	315 
952	1250	3	5638596515599273	983 
953	1251	3	6201686973869039	374 
954	1252	2	9646336283225347	945 
955	1253	3	9747802301025983	511 
956	1254	2	7319193455726513	792 
957	1255	2	7216136049963590	640 
958	1256	2	8782534129078634	608 
959	1257	3	9125262295833224	109 
960	1258	3	9120840454194622	606 
961	1259	2	9710979910877183	752 
962	1260	3	9994706784473098	135 
963	1261	2	9234008055787057	473 
964	1262	2	4703994769184967	235 
965	1263	2	7303178535889328	499 
966	1264	2	4790905905705057	319 
967	1265	2	9825210913130043	463 
968	1266	2	6672926275471788	951 
969	1267	2	6169676989727175	534 
970	1268	3	8476478157612990	523 
971	1269	3	8970894663804711	103 
972	1270	2	5573990137226369	340 
973	1271	3	9178436574067639	548 
974	1272	3	4295214360516433	132 
975	1273	2	6057346311525933	294 
976	1274	2	5949402217381313	458 
977	1275	3	5913342324109713	385 
978	1276	3	9268313727462814	658 
979	1277	2	5527898272287888	253 
980	1278	2	6222336541729633	355 
981	1279	2	8495364406262668	307 
982	1280	3	6809432686582866	345 
983	1281	2	8432725803461369	813 
984	1282	2	4690210208680428	122 
985	1283	3	9097964617523985	677 
986	1284	2	9005463698272788	715 
987	1285	2	8090631243877713	614 
988	1286	2	8656261983862288	714 
989	1287	2	6113892276558554	764 
990	1288	2	8756852835415345	849 
991	1289	2	5322468354328910	167 
992	1290	2	6938362863905761	721 
993	1291	3	4829503353807886	870 
994	1292	2	9650751102779798	421 
995	1293	2	9589632698683165	420 
996	1294	2	5817708406860491	783 
997	1295	3	4910599406962082	607 
998	1296	2	6527857653567392	184 
999	1297	2	5001887784629012	310 
1000	1298	2	5473579789188657	385 
1001	1299	3	7793977423381638	242 
1002	1300	2	4395640607312111	489 
1003	1301	2	7471560046240433	240 
1004	1302	2	7640827494281915	199 
1005	1303	2	7231692826573470	288 
1006	1304	2	7164033532193964	845 
1007	1305	2	6616818368523394	907 
1008	1306	3	7509087354727548	522 
1009	1307	3	8936826876210915	417 
1010	1308	3	6292410251557089	496 
1011	1309	3	4979054819645991	213 
1012	1310	3	6720509893791268	863 
1013	1311	3	8415372189927677	769 
1014	1312	2	5248108654023855	872 
1015	1313	2	7081052854674487	353 
1016	1314	2	4867298101968185	629 
1017	1315	2	9207988877643363	226 
1018	1316	3	5597763482831426	524 
1019	1317	3	4781831952236556	477 
1020	1318	3	5411999786683418	749 
1021	1319	2	6239669352401256	793 
1022	1320	3	5757416000536035	718 
1023	1321	2	4198441318652440	178 
1024	1322	3	5987397243471564	955 
1025	1323	3	4703207357971463	795 
1026	1324	2	9154060282637252	649 
1027	1325	3	7469596672858757	636 
1028	1326	2	4302781146090293	844 
1029	1327	2	4763423214697419	818 
1030	1328	2	5188402561346163	431 
1031	1329	3	4272515133370048	773 
1032	1330	2	7571612370483548	176 
1033	1331	2	8755919501158688	151 
1034	1332	2	4402585024176261	527 
1035	1333	3	9679804633018267	530 
1036	1334	3	4331290640022257	519 
1037	1335	2	5684414141893954	187 
1038	1336	3	7059873174227084	828 
1039	1337	2	9444150991810092	513 
1040	1338	3	4634896684014965	705 
1041	1339	2	8248528977769631	211 
1042	1340	2	6104084433344852	434 
1043	1341	2	9134597468444512	259 
1044	1342	3	6962839937561324	831 
1045	1343	3	6044250183461894	622 
1046	1344	3	8044179442709286	295 
1047	1345	2	6899565981085733	695 
1048	1346	3	8555752606957984	748 
1049	1347	2	6439765314618151	958 
1050	1348	3	8901021279886748	754 
1051	1349	3	9728538003932352	484 
1052	1350	2	9519283402644861	676 
1053	1351	2	8706823210149978	924 
1054	1352	2	5964349876846944	208 
1055	1353	2	8042486336078896	102 
1056	1354	3	9504977035611790	117 
1057	1355	3	5554155364429861	443 
1058	1356	2	8757560778398265	804 
1059	1357	3	8062947730523244	136 
1060	1358	3	9420874711410290	236 
1061	1359	3	9229315710288360	511 
1062	1360	3	7062578396182873	930 
1063	1361	2	6492397131685170	237 
1064	1362	3	9242147129245544	259 
1065	1363	2	5813233576717511	403 
1066	1364	2	5137407426964347	336 
1067	1365	3	6478298614989523	636 
1068	1366	3	4776480450006582	846 
1069	1367	2	6426759604224032	839 
1070	1368	2	4834408915357322	882 
1071	1369	3	4584512045506398	883 
1072	1370	2	9122745921938179	415 
1073	1371	3	7043802084861862	784 
1074	1372	3	6050476942701728	461 
1075	1373	3	9641316531095481	599 
1076	1374	2	9572131649780859	722 
1077	1375	3	8565511232108381	985 
1078	1376	2	4152573140964281	560 
1079	1377	2	9813093667391479	982 
1080	1378	3	7382841338700559	199 
1081	1379	3	4224513143003397	156 
1082	1380	3	6855170088260043	287 
1083	1381	2	6674872028942634	812 
1084	1382	2	6412784526120458	620 
1085	1383	3	6670414192598115	214 
1086	1384	2	8639857215806021	103 
1087	1385	2	6440504347665866	869 
1088	1386	2	4656558593661777	448 
1089	1387	3	8227648992497638	357 
1090	1388	3	7912595821333412	831 
1091	1389	2	9180823733283211	104 
1092	1390	3	8433741799248283	813 
1093	1391	3	7825406430748482	568 
1094	1392	2	7539163171904226	904 
1095	1393	2	5990191077412913	472 
1096	1394	2	9475145585035775	320 
1097	1395	3	6932553116200736	873 
1098	1396	2	7055433434128757	683 
1099	1397	2	9634887779518025	482 
1100	1398	3	9139594253186941	974 
1101	1399	2	5861733769975191	680 
1102	1400	3	6561293495438754	797 
1103	1401	3	5917840658008992	266 
1104	1402	3	4392009791660120	725 
1105	1403	3	9974739222668044	300 
1106	1404	2	4922663037031183	976 
1107	1405	3	8483838314481197	955 
1108	1406	3	8300220773841378	319 
1109	1407	2	5235748747789480	862 
1110	1408	3	9676401690976068	298 
1111	1409	3	4857770149687854	826 
1112	1410	3	4084212268894325	470 
1113	1411	3	8787258412860914	274 
1114	1412	2	6225467312148975	964 
1115	1413	3	8878963931492192	647 
1116	1414	3	9658039484812069	917 
1117	1415	3	6855247008414554	903 
1118	1416	3	4280488285475887	839 
1119	1417	3	5005251816944160	873 
1120	1418	3	5776614940018362	530 
1121	1419	2	7267728341264933	358 
1122	1420	2	4776657497198728	453 
1123	1421	2	8825139051963786	256 
1124	1422	2	7038308526888374	571 
1125	1423	2	5054581673935280	741 
1126	1424	3	6889031895172886	468 
1127	1425	3	8254234285861125	628 
1128	1426	3	4891869831747267	301 
1129	1427	3	7800690236502853	671 
1130	1428	2	6642170241796770	303 
1131	1429	3	7017992922421614	169 
1132	1430	3	4342510955282166	469 
1133	1431	2	5729906108475920	291 
1134	1432	3	8543079972766875	741 
1135	1433	3	5126178528084913	474 
1136	1434	2	9471485521023130	967 
1137	1435	3	8495995256097084	674 
1138	1436	3	9307640350547721	991 
1139	1437	2	8079389141896112	247 
1140	1438	3	4439885281355948	580 
1141	1439	3	7289175291932452	265 
1142	1440	3	9528186632267060	339 
1143	1441	2	5096098277922882	996 
1144	1442	3	4063871487518862	400 
1145	1443	2	5837383878530058	976 
1146	1444	3	9835561654972894	428 
1147	1445	3	4238736183330895	770 
1148	1446	2	8917906983186470	253 
1149	1447	3	8568496672492615	880 
1150	1448	2	4998835170477173	690 
1151	1449	2	6438631414455997	548 
1152	1450	3	8930773781758357	523 
1153	1451	3	8346347777508083	981 
1154	1452	3	8105063433452147	681 
1155	1453	3	7926808099884014	236 
1156	1454	3	8570258419674366	799 
1157	1455	3	5956565102207650	973 
1158	1456	3	9000445773349342	171 
1159	1457	2	7372178823172224	769 
1160	1458	3	8145011292747187	106 
1161	1459	2	5778832504225532	479 
1162	1460	3	5540206129513650	632 
1163	1461	2	8615537120384775	739 
1164	4	3	8158540599690251	845 
1165	5	3	7903971030295518	594 
1166	6	2	4866640946943159	669 
1167	7	2	5958691605788731	415 
1168	8	2	9083419478624933	487 
1169	9	3	6012266501046490	295 
1170	10	2	5330730609613512	950 
1171	11	2	6456827377731895	279 
1172	12	3	6725584844026283	504 
1173	13	2	8096756568565017	758 
1174	14	2	4912315300683040	195 
1175	15	3	8440172528741580	616 
1176	16	3	8854671410158624	207 
1177	17	2	5526053552313754	214 
1178	18	2	6119059846502351	922 
1179	19	3	8379603603935291	438 
1180	20	2	4058312282514782	745 
1181	21	3	6006817860981560	146 
1182	22	3	4130351221744248	818 
1183	23	3	7919224743729471	654 
1184	24	3	6202051774854939	495 
1185	25	2	6493119215996193	392 
1186	26	2	9224152145896377	336 
1187	27	3	8556352171541558	619 
1188	28	2	4360992467565186	459 
1189	29	3	5059897912384345	782 
1190	30	3	8906081526083538	114 
1191	31	2	6842127231541584	620 
1192	32	2	4661829990341739	406 
1193	33	3	7853441416717993	551 
1194	34	3	8014880920974458	766 
1195	35	2	6075443367212291	428 
1196	36	2	6651259940702512	716 
1197	37	3	8767746898387993	593 
1198	38	3	7715511712801378	404 
1199	39	2	4279485447408669	843 
1200	40	3	8297025541461767	811 
1201	41	2	7635116836479272	584 
1202	42	2	9780750245143014	510 
1203	43	2	8733882582544578	942 
1204	44	3	7642358003617463	930 
1205	45	2	5291087114452033	892 
1206	46	2	4428130751711935	516 
1207	47	3	8514220773118690	410 
1208	48	2	9836798136231728	879 
1209	49	3	5554820139798489	250 
1210	50	2	4774813517415398	619 
1211	51	3	7962001360358497	765 
1212	52	3	7854602589621292	164 
1213	53	3	9998144704674160	316 
1214	54	3	8809622615219028	100 
1215	55	2	8589121666455398	515 
1216	56	2	6906761281279948	275 
1217	57	2	6172389854398674	796 
1218	58	2	4690751668568227	862 
1219	59	3	9846542511577463	169 
1220	60	2	9158110810519862	156 
1221	61	3	4518273519268241	462 
1222	62	2	8076816487011418	633 
1223	63	2	8733426040094425	135 
1224	64	3	9952627971353065	153 
1225	65	3	4316584877905420	425 
1226	66	3	7169736919399149	329 
1227	67	3	5608535822606570	660 
1228	68	2	7961970095486130	662 
1229	69	3	9756683240125115	586 
1230	70	3	6095237478862756	491 
1231	71	3	4338434541516562	132 
1232	72	3	6113459552477772	968 
1233	73	3	8035741252648515	329 
1234	74	2	5284398880323273	829 
1235	75	2	5569365090684891	211 
1236	76	2	8859442642468011	472 
1237	77	3	5805723339296031	945 
1238	78	2	4157887128915549	387 
1239	79	2	5113023870732156	299 
1240	80	3	9547651264394259	254 
1241	81	3	6689596875485438	645 
1242	82	3	5896190017464285	791 
1243	83	3	9277170679615034	903 
1244	84	3	5988628012643868	459 
1245	85	3	6967297242182522	943 
1246	86	2	5288481657189031	434 
1247	87	2	6110477076015862	155 
1248	88	3	4596490766385975	973 
1249	89	3	6842936135655636	228 
1250	90	2	9198407280647022	491 
1251	91	3	4590768766937885	317 
1252	92	3	4799795108827251	119 
1253	93	3	8068634283565188	306 
1254	94	3	7995106080672740	694 
1255	95	2	7386147511753533	549 
1256	96	3	7973555498151860	718 
1257	97	2	5763693242046032	232 
1258	98	3	6860437166002129	506 
1259	99	3	4681112328502139	530 
1260	100	3	6140672310777982	868 
1261	101	3	9251105398609286	397 
1262	102	2	7064374659645025	452 
1263	103	3	4439310839279636	397 
1264	104	3	6355291989652529	167 
1265	105	2	5725553072738311	492 
1266	106	2	4574846486079795	109 
1267	107	3	8786595739681479	722 
1268	108	2	9280514266267152	946 
1269	109	3	9587187991050694	502 
1270	110	3	5056520094320631	723 
1271	111	3	6432458719895482	904 
1272	112	2	9882795886299881	528 
1273	113	2	7818718373679843	107 
1274	114	2	8889931501460932	653 
1275	115	3	9288465930666046	402 
1276	116	3	6462557437233770	358 
1277	117	2	8502547402739075	210 
1278	118	3	6859083612344645	739 
1279	119	3	5458781916739360	414 
1280	120	3	4874081000398784	328 
1281	121	3	9505419117750379	222 
1282	122	3	4892395582763391	481 
1283	123	2	7170256294691280	864 
1284	124	3	5412753436624520	448 
1285	125	3	9204758575002163	518 
1286	126	3	4112796489074381	686 
1287	127	2	8175602265209116	868 
1288	128	3	6197835949680551	582 
1289	129	2	7857369044512885	584 
1290	130	3	8992997546208066	105 
1291	131	3	5701685951736440	492 
1292	132	2	6974863517980843	380 
1293	134	3	6427965336138578	883 
1294	135	3	5941602469208638	207 
1295	136	2	7444116722470226	374 
1296	137	2	9418889443599522	109 
1297	138	3	9751590354721529	957 
1298	139	3	7042321188825728	266 
1299	140	2	7372606098120484	712 
1300	141	2	6540325414697773	142 
1301	142	2	7071662302692045	240 
1302	143	2	9612225561595456	329 
1303	144	2	7681894005748197	539 
1304	145	3	4689619533538150	796 
1305	146	3	7258260578850015	723 
1306	147	3	8810945496280069	324 
1307	148	3	9990794171670662	102 
1308	149	2	8545450050465085	266 
1309	150	2	5717767106009289	307 
1310	151	3	9716963429357627	672 
1311	152	3	4976957333608483	431 
1312	153	2	4340954827448619	906 
1313	154	2	6234557278962511	458 
1314	155	2	6204563127074966	985 
1315	156	2	8058079757138135	651 
1316	157	3	6770221495990590	732 
1317	158	2	8215456588154334	108 
1318	159	3	8005519155618392	342 
1319	160	2	5842598173349082	533 
1320	161	2	6075508668071833	242 
1321	162	3	7563909346884140	762 
1322	163	3	6135786138458575	684 
1323	164	2	6117435142580757	115 
1324	165	2	6130005904249849	899 
1325	166	3	8463502491841796	235 
1326	167	2	9509612498205085	928 
1327	168	2	9621658321304413	955 
1328	169	3	8711375331286812	185 
1329	170	2	7577234480683267	408 
1330	171	2	6051902760631460	648 
1331	172	2	6705979185708242	549 
1332	173	3	5525433167203612	637 
1333	174	3	4991141192181048	195 
1334	175	3	9200903371284313	984 
1335	176	3	6915945922203718	428 
1336	177	3	7883626830450239	142 
1337	178	2	4678713241893451	580 
1338	179	2	7617677132611269	829 
1339	180	2	4971812953757969	254 
1340	181	2	9911998192859461	915 
1341	182	3	5585176483053255	993 
1342	183	2	8208164638504435	600 
1343	184	2	4461466975178756	356 
1344	185	2	8144094278271849	200 
1345	186	2	6681439360640711	574 
1346	187	3	6448380883364413	867 
1347	188	3	8653819984872239	596 
1348	189	2	9821834152055757	564 
1349	190	3	9685450914869157	244 
1350	191	3	8166445917388666	240 
1351	192	2	5077714699893933	537 
1352	193	3	6318170936100138	618 
1353	194	3	4447635003727087	188 
1354	195	3	7379439583877943	754 
1355	196	3	5853565328982345	275 
1356	197	3	5699445234826655	605 
1357	198	2	6557383809925095	206 
1358	199	3	9947514967636773	625 
1359	200	3	9193435865565580	730 
1360	201	3	6244295441128627	371 
1361	202	2	4808746672017516	661 
1362	203	2	5060596041520738	961 
1363	204	2	5714744552826082	411 
1364	205	2	9915414227478095	714 
1365	206	2	4197833911776348	555 
1366	207	3	5079081271677669	527 
1367	208	3	7639238506613491	123 
1368	209	3	7966902394892784	973 
1369	210	2	6928998740932831	663 
1370	211	3	5568460135692670	485 
1371	212	3	9721219972219510	906 
1372	213	3	4451707754806531	611 
1373	214	3	9236135480975477	817 
1374	215	2	7951787996811453	837 
1375	216	3	8471696973956764	712 
1376	217	3	9908020574663173	230 
1377	218	2	6403952814088226	730 
1378	219	2	9242829212584867	913 
1379	220	3	8925100791559255	702 
1380	221	3	5963405877815034	469 
1381	222	2	5195133646343130	792 
1382	223	3	9861674880696427	404 
1383	224	3	8759339215480241	769 
1384	225	2	4784191798684486	895 
1385	226	3	9953302032688889	820 
1386	227	2	8526889793949994	809 
1387	228	3	6534673154011424	399 
1388	229	2	7085332528332841	459 
1389	230	2	4200668688383660	844 
1390	231	3	7665995778385295	732 
1391	232	3	8542065836158948	666 
1392	233	2	5017451146295324	480 
1393	234	3	8688506198305788	530 
1394	235	3	4506108285202840	811 
1395	236	3	9539396579710443	307 
1396	237	2	4032028943843121	593 
1397	238	2	8851163759306639	964 
1398	239	2	9150657870718086	389 
1399	240	3	9889928343592971	618 
1400	241	3	4476077207615884	567 
1401	242	2	9564793652851186	586 
1402	243	3	9500438141647966	804 
1403	244	2	9007595065943355	177 
1404	245	3	7240307643883524	463 
1405	246	3	9937091576318953	443 
1406	247	2	9885196801601443	277 
1407	248	2	8367652446076972	496 
1408	249	2	8004556873767992	383 
1409	250	3	6086817404387831	802 
1410	251	2	6303227058020428	562 
1411	252	3	8358318143477473	117 
1412	253	3	5344916804582178	628 
1413	254	2	4678903367427084	474 
1414	255	2	7028304089333780	266 
1415	256	3	8584199045989490	698 
1416	257	3	5328172313473132	799 
1417	258	2	6570132674671487	638 
1418	259	2	4732566431959865	399 
1419	260	2	6428584484898237	424 
1420	261	2	4884144587278170	242 
1421	262	2	4090578691345549	202 
1422	263	3	6049601132751195	510 
1423	264	3	8739645597908542	166 
1424	265	2	7478809992283960	632 
1425	266	3	6436868738420173	552 
1426	267	3	6190265351801279	391 
1427	268	2	8825335885573693	245 
1428	269	3	9780731308001059	409 
1429	270	3	4444285721153146	609 
1430	271	2	8536229136591884	461 
1431	272	3	6144915888756122	359 
1432	273	3	5890486646853579	100 
1433	274	2	8350933622732482	935 
1434	275	2	9452897258250576	760 
1435	276	2	4899389225603024	924 
1436	277	3	9822489311130648	268 
1437	278	3	6460132656103360	102 
1438	279	2	4703385292198338	720 
1439	280	2	5272232152544310	376 
1440	281	2	7459047796412276	234 
1441	282	3	8945785457698075	844 
1442	283	2	7518965391369861	828 
1443	284	3	7381880801289592	864 
1444	285	3	4555550819751523	880 
1445	286	3	5798751340492296	314 
1446	287	3	9230734272516172	158 
1447	288	2	8408038541098113	502 
1448	289	2	6729206535936379	167 
1449	290	3	7008092008610524	752 
1450	291	2	9953090569311066	200 
1451	292	3	5718775890924945	877 
1452	293	2	8155605937847672	569 
1453	294	2	9714388969321573	254 
1454	295	3	9605285359147212	145 
1455	296	2	8779873720035113	555 
1456	297	3	4059341340828722	965 
1457	298	3	5407067807279672	494 
1458	299	3	9995637358040364	182 
1459	300	2	7676454380145885	833 
